Start_Position_Before End_Position_Before Start_Position_After End_Position_After max(abs(Start_position_before - Start_position_after),abs(end_position_before - end_position_after))
239 388 238 388 1
1015 1164 1015 1165 1
22479 22628 22478 22628 1
23401 23550 23400 23550 1
23403 23552 23404 23552 1
26013 26162 26013 26161 1
28733 28882 28733 28881 1
11392 11541 11392 11540 1
3036 3185 3035 3185 1
239 388 238 388 1
25468 25617 25467 25617 1
26618 26767 26618 26766 1
8904 9053 8904 9052 1
16317 16466 16317 16465 1
19071 19220 19071 19219 1
2888 3037 2888 3036 1
6402 6551 6403 6551 1
9053 9202 9054 9202 1
28883 29032 28884 29032 1
19569 19718 19569 19717 1
10097 10246 10098 10246 1
14259 14408 14259 14407 1
23402 23551 23401 23551 1
28287 28436 28287 28435 1
28580 28729 28581 28729 1
3036 3185 3035 3185 1
14259 14408 14259 14407 1
23254 23403 23254 23402 1
15302 15451 15302 15450 1
21469 21618 21469 21617 1
24409 24558 24408 24558 1
27489 27638 27489 27637 1
27603 27752 27603 27751 1
28461 28610 28462 28610 1
7124 7273 7125 7273 1
7390 7539 7391 7539 1
2299 2448 2299 2447 1
22530 22679 22531 22679 1
25203 25352 25203 25351 1
16567 16716 16567 16715 1
22846 22995 22846 22994 1
27603 27752 27603 27751 1
3217 3366 3217 3367 1
7124 7273 7125 7273 1
10029 10178 10030 10178 1
15451 15600 15452 15600 1
21987 22136 21988 22136 1
24409 24558 24408 24558 1
7666 7815 7666 7814 1
8837 8986 8837 8985 1
14408 14557 14409 14557 1
92 241 92 240 1
